0.9 TeV

  eta	   dN/deta	error(+-)
-2.25      3.60		0.13
-1.75	   3.73		0.14	
-1.25	   3.62		0.13
-0.75  	   3.54		0.13
-0.25      3.48		0.13
 0.25      3.48		0.13
 0.75	   3.54		0.13
 1.25	   3.62		0.13
 1.75	   3.73		0.14
 2.25	   3.60		0.13


2.36 TeV:

  eta      dN/deta     error(+-)
-2.25 	   4.78		0.17
-1.75	   4.81		0.18
-1.25	   4.66		0.17
-0.75 	   4.61		0.17
-0.25 	   4.47		0.16
 0.25 	   4.47		0.16
 0.75	   4.61		0.17
 1.25      4.66 	0.17
 1.75      4.81		0.18
 2.25      4.78		0.17

